13.81 20.28
0.95 4.22
453.65 1615
1560 2744
2348 4273
3823 4098
63.15 77.36
54.36 90.2
53.53 85.03
24.56 27.07
370.95 1156
923 1363
933.437 2792
1687 3538
317.3 553.65
388.36 717.75
171.65 239.11
83.8 87.3
336.53 1032
1115 1757
1814 3109
1941 3560
2183 3680
2180 2944
1519 2334
1811 3134
1768 3200
1728 3186
1357.77 2835
692.68 1180
302.91 2477
1211.4 3106
1090 887
493.65 958
265.95 331.95
115.79 119.93
312.46 961
1050 1655
1795 3618
2128 4682
2750 5017
2896 4912
2430 4538
2607 4423
2237 3968
1828.05 3236
1234.93 2435
594.22 1040
429.75 2345
505.08 2875
903.78 1860
722.66 1261
386.85 457.55
161.36 165.03
301.59 944
1000 2170
1191 3737
1071 3697
1204 3793
1294 3347
1315 3273
1347 2067
1095 1802
1586 3546
1629 3503
1685 2840
1747 2973
1802 3141
1818 2223
1092 1469
1936 3675
2506 4876
3290 5731
3695 5828
3459 5869
3306 5285
2719 4701
2041.55 4098
1337.33 3129
234.32 629.88
577 1746
600.61 2022
544.55 1837
527 1235
575 643
202 211.45
300.2 950
973 1413
1324 3471
2023 5061
2113 4300
1408 4404
917 4175
913 3501
1449 2284
1613 3383
1259 0
950 0
1133 0
1800 0
1100 0
0 0
0 0
0 0
0 0
0 0
0 0
0 0
0 0
0 0
0 0
0 0
